0.000674039
0.00136587
0.00209213
0.00286871
0.00371102
0.00463427
0.00565353
0.00678393
0.00804064
0.00943889
0.0109939
0.012721
0.0146351
0.0167509
0.0190826
0.0216436
0.0244463
0.0275019
0.03082
0.0344084
0.0382725
0.0424156
0.046838
0.0515369
0.0565061
0.061736
0.0672132
0.0729202
0.0788357
0.0849342
0.0911862
0.0975585
0.104014
0.110512
0.11701
0.12346
0.129816
0.136026
0.14204
0.147808
0.153278
0.158401
0.16313
0.167419
0.171228
0.174518
0.177257
0.179417
0.180976
0.181918
0.182233
0.181918
0.180976
0.179417
0.177257
0.174518
0.171228
0.167419
0.16313
0.158401
0.153278
0.147808
0.14204
0.136026
0.129816
0.12346
0.11701
0.110512
0.104014
0.0975585
0.0911862
0.0849342
0.0788357
0.0729202
0.0672132
0.061736
0.0565061
0.0515369
0.046838
0.0424156
0.0382725
0.0344084
0.03082
0.0275019
0.0244463
0.0216436
0.0190826
0.0167509
0.0146351
0.012721
0.0109939
0.00943889
0.00804064
0.00678393
0.00565353
0.00463427
0.00371102
0.00286871
0.00209213
0.00136587
0.000674039
-0.00246156
-0.00497098
-0.00757118
-0.0103009
-0.0131951
-0.0162853
-0.0195999
-0.0231635
-0.0269975
-0.0311192
-0.0355417
-0.0402733
-0.0453173
-0.050671
-0.0563257
-0.0622659
-0.068469
-0.0749046
-0.0815348
-0.0883135
-0.0951866
-0.102092
-0.10896
-0.115715
-0.122273
-0.128545
-0.134439
-0.139859
-0.144707
-0.148886
-0.152299
-0.154855
-0.156468
-0.157057
-0.156555
-0.154902
-0.152053
-0.147978
-0.142662
-0.136107
-0.128333
-0.119376
-0.109293
-0.0981557
-0.0860549
-0.0730958
-0.0593979
-0.0450933
-0.0303244
-0.0152414
3.76713e-15
0.0152414
0.0303244
0.0450933
0.0593979
0.0730958
0.0860549
0.0981557
0.109293
0.119376
0.128333
0.136107
0.142662
0.147978
0.152053
0.154902
0.156555
0.157057
0.156468
0.154855
0.152299
0.148886
0.144707
0.139859
0.134439
0.128545
0.122273
0.115715
0.10896
0.102092
0.0951866
0.0883135
0.0815348
0.0749046
0.068469
0.0622659
0.0563257
0.050671
0.0453173
0.0402733
0.0355417
0.0311192
0.0269975
0.0231635
0.0195999
0.0162853
0.0131951
0.0103009
0.00757118
0.00497098
0.00246156
-0.00583252
-0.0117368
-0.0177714
-0.023983
-0.0304062
-0.0370638
-0.0439669
-0.0511146
-0.0584935
-0.0660775
-0.0738279
-0.0816928
-0.0896072
-0.0974936
-0.105262
-0.112812
-0.120032
-0.126801
-0.132993
-0.138477
-0.143119
-0.146787
-0.149352
-0.150694
-0.150702
-0.149281
-0.146353
-0.141864
-0.13578
-0.128097
-0.118841
-0.108066
-0.09586
-0.0823422
-0.0676631
-0.0520032
-0.0355701
-0.018596
-0.00133292
0.0159512
0.0329784
0.0494662
0.0651334
0.0797072
0.0929285
0.104559
0.114385
0.122225
0.127932
0.131401
0.132564
0.131401
0.127932
0.122225
0.114385
0.104559
0.0929285
0.0797072
0.0651334
0.0494662
0.0329784
0.0159512
-0.00133292
-0.018596
-0.0355701
-0.0520032
-0.0676631
-0.0823422
-0.09586
-0.108066
-0.118841
-0.128097
-0.13578
-0.141864
-0.146353
-0.149281
-0.150702
-0.150694
-0.149352
-0.146787
-0.143119
-0.138477
-0.132993
-0.126801
-0.120032
-0.112812
-0.105262
-0.0974936
-0.0896072
-0.0816928
-0.0738279
-0.0660775
-0.0584935
-0.0511146
-0.0439669
-0.0370638
-0.0304062
-0.023983
-0.0177714
-0.0117368
-0.00583252
0.0105187
0.0210853
0.0317227
0.0424299
0.0531825
0.0639328
0.074611
0.0851257
0.0953654
0.1052
0.114484
0.123058
0.130753
0.137393
0.142802
0.146806
0.149243
0.149963
0.148838
0.145765
0.140677
0.13354
0.124365
0.113207
0.100169
0.0854052
0.0691171
0.0515553
0.0330144
0.0138289
-0.00563382
-0.0249808
-0.0438034
-0.0616869
-0.0782222
-0.0930171
-0.105708
-0.115971
-0.123534
-0.128182
-0.129772
-0.128233
-0.123573
-0.115881
-0.105323
-0.0921458
-0.076664
-0.0592568
-0.0403564
-0.0204367
-2.54653e-16
0.0204367
0.0403564
0.0592568
0.076664
0.0921458
0.105323
0.115881
0.123573
0.128233
0.129772
0.128182
0.123534
0.115971
0.105708
0.0930171
0.0782222
0.0616869
0.0438034
0.0249808
0.00563382
-0.0138289
-0.0330144
-0.0515553
-0.0691171
-0.0854052
-0.100169
-0.113207
-0.124365
-0.13354
-0.140677
-0.145765
-0.148838
-0.149963
-0.149243
-0.146806
-0.142802
-0.137393
-0.130753
-0.123058
-0.114484
-0.1052
-0.0953654
-0.0851257
-0.074611
-0.0639328
-0.0531825
-0.0424299
-0.0317227
-0.0210853
-0.0105187
0.0157908
0.0315128
0.0470603
0.0622928
0.0770375
0.0910936
0.104236
0.116223
0.126801
0.135712
0.142705
0.147543
0.150014
0.149941
0.14719
0.141682
0.1334
0.122396
0.108798
0.0928088
0.07471
0.0548587
0.0336818
0.0116682
-0.0106429
-0.032676
-0.0538352
-0.0735233
-0.0911611
-0.106208
-0.118181
-0.126676
-0.131385
-0.132108
-0.128768
-0.121418
-0.110241
-0.0955515
-0.0777865
-0.0574948
-0.0353196
-0.0119785
0.0117607
0.0351066
0.0572723
0.0775037
0.0951074
0.109476
0.120113
0.126646
0.12885
0.126646
0.120113
0.109476
0.0951074
0.0775037
0.0572723
0.0351066
0.0117607
-0.0119785
-0.0353196
-0.0574948
-0.0777865
-0.0955515
-0.110241
-0.121418
-0.128768
-0.132108
-0.131385
-0.126676
-0.118181
-0.106208
-0.0911611
-0.0735233
-0.0538352
-0.032676
-0.0106429
0.0116682
0.0336818
0.0548587
0.07471
0.0928088
0.108798
0.122396
0.1334
0.141682
0.14719
0.149941
0.150014
0.147543
0.142705
0.135712
0.126801
0.116223
0.104236
0.0910936
0.0770375
0.0622928
0.0470603
0.0315128
0.0157908
